270
1110
4168
5028
11687
11850
29153
31309
51194
54974
57395
57415
57432
62802
67374
74318
78204
86639
112152
112158
148066
148120
157010
164800
169658
170447
176851
176856
177098
178346
179252
185048
185506
188156
197184
197432
198894
198926
230163
241332
242777
243610
243631
245227
247580
247888
248439
252537
258707
258907
261004
261323
262250
262375
264336
269228
269957
274757
278245
283099
283113
284253
285746
287829
287883
291311
303982
304753
305626
317438
321626
322033
324548
345706
346830
348778
349038
350328
352177
361424
362320
373796
374569
374605
374823
376186
377777
389582
396689
444002
444017
450862
451277
468604
473246
485806
508032
522547
528295
528464
551220
574075
745047
810206
810224
850285
896536
