2
13
92
143
244
279
301
326
362
554
560
609
647
726
727
758
776
892
895
906
959
980
1076
1091
1126
1179
1186
1191
1360
1413
1419
1480
1493
1545
1574
1677
1681
1753
1756
1812
1852
1870
1886
1986
1996
2033
2091
2193
2227
2344
2347
2356
2369
2376
2444
2456
2468
2470
2560
2683
2685
2744
2774
2801
2802
2847
2894
2942
2949
2988
3078
3179
3197
3224
3236
3304
3366
3396
3422
3536
3568
3731
3747
3764
3933
3943
3979
3982
4105
4113
4140
4158
4164
4181
4241
4275
4341
4347
4439
4474
4480
4504
4516
4581
4599
4606
4724
4748
4906
4994
5016
5142
5150
5160
5283
5292
5317
5320
5392
5433
5441
5472
5483
5539
5695
5722
5748
5752
5777
5801
5929
5932
5944
5984
6010
6054
6062
6116
6126
6133
6155
6176
6180
6315
6318
6325
6351
6414
6577
6586
6683
6699
6770
6823
6859
6965
6977
7097
7191
7219
7260
7448
7462
7518
7611
7632
7681
7689
7710
7822
7839
7870
7974
8036
8054
8114
8237
8339
8356
8396
8407
8428
8526
8538
8558
8721
8755
8863
8905
8954
8980
9067
9122
9191
9220
9231
9241
9244
9282
9395
9459
9480
9531
9544
9550
9560
9643
9721
9733
9763
9766
9785
9833
9904
9934
9939
9949
9966
10068
10073
10153
10156
10169
10172
10187
10256
10276
10302
10350
10369
10422
10466
10485
10506
10593
10681
10719
10858
10865
10886
10897
11019
11078
11090
11095
11143
11237
11259
11262
11274
11286
11315
11377
11415
11422
11529
11578
11601
11621
11629
11646
11812
11824
11884
11898
11986
12003
12039
12065
12167
12204
12278
12293
12307
12360
12411
12414
12441
12478
12482
12541
12625
12651
12710
12821
12885
12926
12936
12951
13048
13099
13160
13249
13276
13289
13293
13345
13412
13428
13433
13441
13542
13587
13649
13653
13687
13693
13730
13741
13774
13866
13917
13924
13938
14026
14176
14211
14214
14231
14235
14238
14246
14289
14337
14423
14475
14484
14510
14581
14584
14675
14695
14749
14784
14796
14799
14843
14872
14896
14897
14969
15023
15065
15144
15172
15177
15261
15479
15491
15507
15585
15614
15625
15664
15676
15685
15774
15804
15842
15856
15858
15881
15894
15937
15958
15966
15972
16011
16034
16045
16185
16220
16227
16320
16325
16363
16422
16459
16464
