2
98
120
175
186
279
319
396
554
566
592
630
959
1076
1156
1191
1230
1360
1418
1507
1554
1565
1575
1576
1604
1660
1681
1698
1709
1756
1787
1886
2103
2121
2169
2247
2376
2399
2547
2561
2658
2666
2694
2778
2801
2949
3010
3396
3413
3590
3680
3764
3860
3924
3979
4008
4017
4134
4164
4255
4367
4368
4385
4413
4450
4474
4492
4527
4575
4599
4650
4798
4880
4906
4961
4980
5077
5150
5177
5232
5240
5295
5317
5440
5462
5472
5501
5514
5659
5734
5738
5752
5795
5825
5831
5850
5903
6132
6195
6254
6335
6342
6421
6455
6486
6523
6686
6699
6709
6728
6740
6795
6847
6902
7011
7093
7206
7299
7447
7513
7542
7630
7687
7700
7822
7839
7870
7941
8077
8153
8162
8203
8237
8259
8290
8312
8343
8367
8538
8807
8925
9018
9019
9214
9268
9316
9487
9553
9586
9609
9728
9747
9880
9899
9952
9967
10168
10171
10172
10187
10256
10263
10348
10442
10506
10637
10719
10744
10749
10770
10828
10864
10880
10921
10965
11024
11072
11143
11157
11202
11259
11286
11289
11290
11313
11345
11356
11359
11376
11415
11514
11527
11528
11776
11859
11937
11963
11990
12001
12046
12065
12260
12364
12414
12568
12595
12624
12667
12760
12861
12868
12950
12963
13104
13176
13191
13281
13284
13293
13380
13420
13435
13441
13587
13636
13644
13670
13730
13809
13827
13852
13883
13912
13917
13951
13954
14039
14160
14194
14386
14427
14440
14533
14551
14567
14585
14603
14606
14702
14856
15101
15104
15129
15171
15195
15201
15265
15374
15395
15448
15452
15479
15491
15520
15556
15641
15701
15738
15904
15923
15954
16025
16080
16108
16159
16229
16238
16314
16341
16374
16459
